4 8 10 12 15 
1.09765569 -1.13840561 -1.05577287 -1.60877172
1.46031443 -1.66115920 2.35655795 -0.13463150
-0.10405227 -0.66809419 1.03934060 -2.48647434
0.44855281 0.40294575 1.91096605 -0.31802558
1.70250049 0.92811301 1.28020441 2.11580817

1.97967800 -1.23544664 -0.36160198 -1.50105474
1.51811805 -2.46262982 2.27511193 -0.54665931
0.73444924 -0.46837970 1.76283834 -2.08507658
-0.18712549 -0.19125264 1.24189861 -0.96090063
0.05152817 -1.02734360 0.19172540 0.52741926
-1.53301016 2.24881297 0.56925010 1.04248866
0.56104200 -1.16544545 -0.34680586 -1.44049712
-0.54300291 1.29376407 -0.86376355 0.10219672
1.36452976 0.62980844 1.00435983 2.38927405 1.84398255 -0.68725864 0.64981696 0.16027901

1.69788222 -0.18585350 -0.40363959 -1.43034316 0.49995681 -3.17186496 1.95609062 -1.31489756
0.30754020 -0.32884728 1.46184026 -2.06876679 -0.33698833 -0.41830802 1.15951417 -1.09915119
-0.80388232 -1.89326255 -0.54964479 0.30113450 -1.37169577 1.57397181 0.48038917 0.80728149
0.55764797 -1.29061299 -0.45303619 -1.08355606 -0.42013443 0.87814494 -0.98538700 -0.19516529
-1.33764731 -1.63929490 -1.25525767 -0.30239517 -1.37185199 0.46929997 1.36817114 0.96719570
-0.19252270 -1.16011248 -0.78278626 1.82926066 0.17811737 -0.29416489 0.13454873 2.30843937
0.60828517 1.72901945 0.79516426 -0.41890913 -1.22053098 -1.18620960 0.12627167 -0.01148727
0.96265189 1.19811586 0.41615532 0.73003279 -0.92623472 0.89617906 0.55470442 -0.59384319
0.53643517 0.02295586 1.17678926 1.45232689 2.11215343 -1.51912131 -1.45040788 -0.62031396
0.02362621 0.72306193 0.18682168 -2.02522891 -0.30101881 1.05301887 0.08511016 0.89263408
1.24534622 0.38825149 0.77410474 2.14041007 1.63498791 -0.77893556 0.71410501 -0.39084676 -0.20157503 0.44011746

2.11519390 -0.39790586 -1.34922040 -1.77459957 0.26111231 -2.98963014 1.89301141 -1.01714412 0.00619493 -0.52437952
1.33964968 -2.11822936 -0.30387748 -0.31183205 1.11978289 -1.07581293 -0.16809158 -0.84541953 0.06972073 0.63713142
-1.77625365 0.83610889 1.39126541 0.56841033 1.45479317 -0.48965534 -0.83570228 -1.52712061 -0.81162492 0.34406329
-0.70778250 -0.40730943 -0.65474293 -0.80603365 -0.67420204 0.01132990 -1.11202382 0.26405405 1.68330296 0.74176413
-0.20519132 -0.89458550 -0.73803009 1.69810008 0.05580085 -0.63290423 0.18180193 2.09506718 0.11445109 0.61535279
0.97452198 -0.02869325 -2.02522699 -0.72270331 -1.03396087 0.06568265 1.54430600 1.34404923 0.62822514 0.99197223
-0.75029137 1.25339979 0.46546506 -0.33918000 0.44215210 -0.12131386 1.12768095 1.49445710 2.15327687 -1.42114292
-1.50555163 -0.51794511 0.14268523 0.92240532 0.26780250 -2.00729971 -0.24581633 0.90692786 0.30514642 0.83219005
-0.99907797 -0.53303078 0.84163049 0.68273586 0.72416681 0.49204936 -1.30109455 -0.00376931 -0.22111421 1.03437659
1.45105260 0.29196191 -0.46311217 -0.78535445 0.49990582 -0.03433153 -0.34755125 -0.04371084 -0.69115346 0.64604474
-0.01834006 1.42077056 -0.06114163 0.40923886 -1.59788208 -0.13639294 1.13926766 -0.70019250 -0.06594028 0.06181476
-1.98597015 0.04845242 1.27599839 -0.47460713 0.69777212 -0.93315009 -0.26023318 -1.62309952 1.14941439 0.57304869
1.31908632 0.42387342 0.61603882 2.24841541 1.86208702 -0.84974932 0.90428880 -0.08497045 -0.30717905 0.38206681 0.18582410 1.58768769

2.33690988 -0.61569028 -0.97244110 -1.46498396 0.45462504 -2.27869667 1.34431646 -1.19329099 -0.29895842 -0.15573729 1.38985893 -2.62226635
-0.40693519 -0.33765358 1.38173297 -1.07783594 -0.12010186 -1.09290071 0.09325011 0.60199731 -0.95018168 1.14237919 0.83827046 0.59146372
0.68331412 -0.76976836 -0.11889033 -1.12217265 -0.45893530 0.28679028 -0.88195264 -0.50307740 -0.78188101 -0.98614769 -0.80356905 -0.07181531
-1.31797945 0.16857645 1.68510494 0.63392782 -0.30616596 -1.02644181 -0.86441605 1.70046009 0.07956342 -0.75906950 0.09154410 2.10595208
0.27132232 0.63954103 0.22982790 -0.35928558 -1.15823458 -0.29027743 -0.22498169 0.55730792 0.75767904 0.97050876 0.29749062 0.83706496
-1.57539431 1.14730622 1.01373919 -0.34345472 0.48302209 -0.64084746 1.12416529 1.63654202 2.58187446 -1.65127358 -1.63626191 -0.22364233
1.33231227 0.95185873 -0.53290294 -2.16621324 -0.54444027 1.53018320 -0.00910207 0.53288375 -0.96605255 0.05133703 0.32618326 -0.09803168
0.64695755 0.05250647 -1.50945558 0.28427399 -0.01467332 1.91497685 1.06519612 0.04870629 -0.90346950 -0.54540474 0.65498395 -0.35326143
-0.01874482 -0.00229324 -1.36016029 0.89731371 -0.28222327 2.20930959 0.57598639 0.61002948 -1.41782646 0.36812106 1.17750819 -1.20859665
-0.58050302 -0.09598465 -1.58706787 0.30198814 0.80992125 -0.64311192 0.31081818 -1.20585084 -0.02160093 -1.74503084 1.17566074 0.40321916
0.09257692 -0.82576132 1.17272344 1.75308965 -2.09569391 1.07421743 1.39273771 0.17064149 -1.41174515 0.81497672 -0.29744140 -0.76987965
-1.87480040 0.37297386 0.95066324 -0.94750006 0.19559345 -1.68314093 0.47191334 0.00304311 -0.17494213 -0.45777829 0.57220868 0.77364507
0.49680620 0.16953324 0.22856732 0.64778220 0.27455906 0.55935781 -0.26868504 -2.42189597 1.13521832 2.19848935 0.40723902 -0.03366197
-0.92120329 -0.14902355 0.56580081 -0.81236538 -0.15805036 -1.22785046 0.60808116 -0.01074715 1.12603131 -0.24960297 1.04148463 0.66506756
2.18474276 -1.90206491 -0.65038431 0.88655294 2.51148250 -0.26411772 0.02669230 -0.23302503 1.32154869 -0.29641030 0.66932290 -0.32562298
1.35378328 0.45760940 0.78905377 2.12317076 1.85195606 -0.97900505 0.70167693 -0.30454298 0.04619506 0.36157388 -0.09273742 1.12761094 0.80662420 0.48473203 0.42695600

1.71988397 -1.13266015 -0.52861762 -1.97434253 0.33423011 -3.52435688 1.88484122 -0.96445200 0.39213275 -0.58365742 1.20735821 -3.16530710 -0.78381796 -1.01125163 0.62968259
-1.94241285 -0.54878178 -0.91573878 0.20613257 0.25618783 -1.38505788 1.03139677 0.96661821 0.74170503 0.82972570 -0.88971636 -0.46634045 -1.26485069 -0.45738577 0.20412491
-1.42999060 -0.61853851 -0.74479658 -0.90589108 -1.05665181 0.90353228 -1.72012158 0.42785438 1.90860207 0.82491611 -0.47233399 -0.34900438 -1.18830468 1.80595486 -0.36753019
-1.62972327 0.39247772 1.95881784 -0.49048917 -0.02090227 0.82991955 -1.53347461 -2.85418407 -2.24419050 -0.62388890 -0.51592222 1.27729016 0.03307236 0.75984940 0.02430715
1.23090238 0.05923718 0.55798705 1.42483474

